%YAML:1.0
---
calibration_time: "jue 01 nov 2018 21:45:26 CET"
nr_of_frames: 25
image_width: 1280
image_height: 720
board_width: 9
board_height: 6
square_size: 50.
fix_aspect_ratio: 1.
# flags: +fix_aspectRatio +fix_principal_point +zero_tangent_dist +fix_k4 +fix_k5
flags: 6158
fisheye_model: 0
camera_matrix: !!opencv-matrix
   rows: 3
   cols: 3
   dt: d
   data: [ 1.0199158377577735e+03, 0., 640., 0., 1.0199158377577735e+03,
       360., 0., 0., 1. ]
distortion_coefficients: !!opencv-matrix
   rows: 5
   cols: 1
   dt: d
   data: [ 8.1431569550235935e-02, -5.3043586775435123e-02, 0., 0.,
       -4.4716446473771959e-01 ]
avg_reprojection_error: 1.4458620352672000e-01
per_view_reprojection_errors: !!opencv-matrix
   rows: 25
   cols: 1
   dt: f
   data: [ 1.13707356e-01, 1.17743246e-01, 1.15238175e-01,
       1.18847176e-01, 1.25234708e-01, 1.18702278e-01, 9.87674147e-02,
       1.18303694e-01, 1.19597614e-01, 1.19413689e-01, 1.16053402e-01,
       1.16039559e-01, 1.20871924e-01, 1.31057486e-01, 1.35897532e-01,
       1.17697805e-01, 1.73256099e-01, 1.38714656e-01, 2.76750535e-01,
       2.04283312e-01, 1.15610197e-01, 1.61563739e-01, 1.22469388e-01,
       2.31305197e-01, 1.40542001e-01 ]
# a set of 6-tuples (rotation vector + translation vector) for each view
extrinsic_parameters: !!opencv-matrix
   rows: 25
   cols: 6
   dt: d
   data: [ 3.1681998579087900e-01, -7.7740734982039664e-02,
       2.8060327179607807e-02, -2.7512645456269780e+02,
       -7.8618537580144533e+01, 1.4737948309612077e+03,
       3.1553954960481884e-01, -8.0126474697164204e-02,
       2.8806720945743509e-02, -2.7455598877779477e+02,
       -7.8720271578341126e+01, 1.4736933747845540e+03,
       3.1834511791830666e-01, -7.8989674129100268e-02,
       2.8127879479165983e-02, -2.7463014984169354e+02,
       -8.0232293602071621e+01, 1.4728284226810667e+03,
       3.1861248790603319e-01, -7.9978217390900982e-02,
       2.8843838618230717e-02, -2.7492480046384401e+02,
       -8.1136167526123884e+01, 1.4713328816984015e+03,
       3.1825663447824187e-01, -8.0898193037257426e-02,
       3.0293186218724937e-02, -2.7659826503736036e+02,
       -8.1793298238068303e+01, 1.4706204009492851e+03,
       3.2234589259483304e-01, -8.1012503573884578e-02,
       3.0106433985135617e-02, -2.7606738352564685e+02,
       -8.5151309640740081e+01, 1.4695752056810959e+03,
       3.2537114651686172e-01, -8.1142237479029850e-02,
       2.9451483595604618e-02, -2.7567523797778534e+02,
       -8.9143215924599758e+01, 1.4689145640560405e+03,
       3.3089598253670582e-01, -8.3165183264515066e-02,
       3.0240775346622610e-02, -2.7805315511855491e+02,
       -9.7686825687321203e+01, 1.4658294021384631e+03,
       3.3365213526766468e-01, -8.6366708322908894e-02,
       3.0318416805077845e-02, -2.8135631356484430e+02,
       -1.0408585802442508e+02, 1.4634083974587718e+03,
       3.3350257152694962e-01, -8.4973372776219566e-02,
       2.9716022360711775e-02, -2.8232407773101039e+02,
       -1.0511013629728282e+02, 1.4638223827114739e+03,
       3.3414704737918438e-01, -8.6874200577700858e-02,
       2.9918760903691558e-02, -2.8294212624681410e+02,
       -1.0622574115077482e+02, 1.4627718869816188e+03,
       3.3398931381685754e-01, -8.2466674080498473e-02,
       3.1586903779454757e-02, -2.8024675742546532e+02,
       -1.0683056291951652e+02, 1.4633805127968624e+03,
       3.3467195218730772e-01, -7.3703301009054492e-02,
       3.7930729947922300e-02, -2.7314757353584798e+02,
       -1.0795940953317323e+02, 1.4638359386947975e+03,
       3.1363026906126384e-01, -7.0306465088948791e-02,
       4.7117737040541750e-02, -2.6144667915523166e+02,
       -7.2131004413793050e+01, 1.4605145257036527e+03,
       3.2300147648333932e-01, -6.2509097179134998e-02,
       4.9504980629991077e-02, -2.4366282152430406e+02,
       -7.0906089909859531e+01, 1.4526462474617933e+03,
       3.2737104600972017e-01, -6.5080409976574619e-02,
       4.8175089925282411e-02, -2.3201425689985339e+02,
       -7.3339679203831523e+01, 1.4383990435331625e+03,
       3.3829911468798879e-01, -6.8183767264616460e-02,
       4.7891021411274895e-02, -2.2642247754887100e+02,
       -7.4795923521446056e+01, 1.4172814544940911e+03,
       3.5474527567161757e-01, -6.1058286830856998e-02,
       5.2788941939084941e-02, -1.9234658169452101e+02,
       -1.0324196046139572e+02, 1.3850745548404213e+03,
       3.5246267721477986e-01, -1.0596818801901312e-01,
       5.1435254393849023e-02, -2.1450212004722582e+02,
       -9.9204417574116135e+01, 1.3476796302812559e+03,
       3.5340594343448328e-01, -1.4373010586531987e-01,
       4.6097398289122876e-02, -2.4815528326826330e+02,
       -9.1159102346882435e+01, 1.3100796344630473e+03,
       3.5654380199097430e-01, -1.5571143877932178e-01,
       3.6061567109462123e-02, -2.5727815461846552e+02,
       -9.0951929724004955e+01, 1.2860889864208459e+03,
       3.5474409512369026e-01, -1.7772963273202455e-01,
       3.2937954315325445e-02, -2.6211823986149756e+02,
       -8.6057435789571002e+01, 1.2580834350815703e+03,
       3.3650174987531167e-01, -1.9765879247647974e-01,
       2.9504943007528876e-02, -2.6707432674157917e+02,
       -5.9517023174612078e+01, 1.2266521458133250e+03,
       3.5648984033967823e-01, -1.7829022169696543e-01,
       3.4397239488481363e-02, -2.3734423325563355e+02,
       -7.2804094754394214e+01, 1.2046482444238663e+03,
       3.5593449909424729e-01, -1.7112829506146060e-01,
       4.1037225060709240e-02, -2.0974882344622182e+02,
       -7.5036120386508685e+01, 1.1933805541260722e+03 ]
