%YAML:1.0
---
calibration_time: "jue 18 oct 2018 09:07:09 CEST"
nr_of_frames: 30
image_width: 1920
image_height: 1080
board_width: 9
board_height: 6
square_size: 50.
fix_aspect_ratio: 1.
# flags: +fix_aspectRatio +fix_principal_point +zero_tangent_dist +fix_k4 +fix_k5
flags: 6158
fisheye_model: 0
camera_matrix: !!opencv-matrix
   rows: 3
   cols: 3
   dt: d
   data: [ 6.5243148687654718e+02, 0., 960., 0., 6.5243148687654718e+02,
       540., 0., 0., 1. ]
distortion_coefficients: !!opencv-matrix
   rows: 5
   cols: 1
   dt: d
   data: [ 4.2528714788340749e-02, -4.1508396080999932e-02, 0., 0.,
       1.0961088214463045e-02 ]
avg_reprojection_error: 1.5165765902808201e+00
per_view_reprojection_errors: !!opencv-matrix
   rows: 30
   cols: 1
   dt: f
   data: [ 1.83103883e+00, 1.46357822e+00, 1.32527554e+00,
       1.54814410e+00, 1.05079293e+00, 1.03342485e+00, 1.04776740e+00,
       1.30392456e+00, 1.78720224e+00, 1.02050042e+00, 1.52006447e+00,
       1.39724708e+00, 1.50481761e+00, 1.91569221e+00, 2.59510207e+00,
       2.58201361e+00, 2.20841479e+00, 2.18811059e+00, 1.84368360e+00,
       1.57113087e+00, 1.42448795e+00, 1.25659907e+00, 1.18311143e+00,
       9.35321569e-01, 9.06970024e-01, 9.63539779e-01, 8.73118222e-01,
       9.30870056e-01, 9.42574143e-01, 9.29705441e-01 ]
# a set of 6-tuples (rotation vector + translation vector) for each view
extrinsic_parameters: !!opencv-matrix
   rows: 30
   cols: 6
   dt: d
   data: [ 7.7213930395633370e-03, -4.6911616112143846e-02,
       2.0300081798464892e-02, -2.5172806875164093e+02,
       -1.1202144114450485e+02, 2.6031837754430978e+02,
       8.8594967364956229e-03, -5.5932250405971037e-02,
       2.3701620632216511e-02, -2.6757087518474020e+02,
       -1.1520916566875061e+02, 2.5683374366831720e+02,
       8.7363387234164983e-03, -5.7557470291270584e-02,
       2.4501573446882783e-02, -2.7441436652356481e+02,
       -1.1500172037524806e+02, 2.5650370213333213e+02,
       1.5979389506902801e-02, -5.4794610773558364e-02,
       2.3403900254044270e-02, -2.7564686172484693e+02,
       -1.1437475743420738e+02, 2.5643739486779344e+02,
       1.2575582647017094e-02, -5.5799610215175509e-02,
       2.1785543351095928e-02, -2.7442106892231141e+02,
       -1.1395107367392879e+02, 2.5673179663495767e+02,
       1.3220561697176137e-02, -5.3683063986306644e-02,
       2.0870386291108017e-02, -2.7178449656410152e+02,
       -1.1269657475933775e+02, 2.5746823006597629e+02,
       1.0780256478560809e-02, -4.9912555314548364e-02,
       2.0114877422079475e-02, -2.6624995532571984e+02,
       -1.1170724552885444e+02, 2.5919640767662071e+02,
       8.6651726744386860e-03, -5.0068355167732989e-02,
       2.0941124651432559e-02, -2.6656873636246218e+02,
       -1.1176516329069962e+02, 2.5932925223796951e+02,
       1.3379748538153895e-02, -4.8451726874082120e-02,
       2.1732142808026381e-02, -2.6866470831158369e+02,
       -1.1203975388909478e+02, 2.5903155872338635e+02,
       1.3064102555785509e-02, -4.9798403959314307e-02,
       1.8154571096713392e-02, -2.6983022824391571e+02,
       -1.1176679635710505e+02, 2.5858154147478683e+02,
       1.6457264157504752e-02, -3.8731796487206101e-02,
       1.0043061497568843e-02, -2.5213372977415148e+02,
       -1.1094447089396000e+02, 2.6226411548336887e+02,
       1.5854875177839043e-02, -3.5239889498560537e-02,
       8.3885708886167407e-03, -2.4636647547672393e+02,
       -1.1057069822643108e+02, 2.6359821452944323e+02,
       1.6182476764715160e-02, -3.2119259978637058e-02,
       6.7704116809725471e-03, -2.4101949976709727e+02,
       -1.1097876470749530e+02, 2.6474003544554336e+02,
       1.8131435948369124e-02, -2.7931174973710990e-02,
       4.1867610678835224e-03, -2.3466062127501274e+02,
       -1.1198302298195760e+02, 2.6574888343608518e+02,
       1.7171820630956604e-02, -1.7491806407936520e-02,
       -1.7404552120422604e-03, -2.1699411935247130e+02,
       -1.1120264085546256e+02, 2.6908969211885875e+02,
       1.5473991656380390e-02, -1.1882550980732983e-02,
       -4.0243143079698382e-03, -2.0682415088174301e+02,
       -1.1011177803660797e+02, 2.7122057350081951e+02,
       1.4610566876228404e-02, -6.8246899230808280e-03,
       -5.5802396117573807e-03, -1.9828548213118779e+02,
       -1.0931756903377511e+02, 2.7276587516808542e+02,
       1.2689465656267745e-02, -3.6159763931970777e-03,
       -7.3529761204739882e-03, -1.9045508825561632e+02,
       -1.0762057435860045e+02, 2.7402661696123562e+02,
       1.1334572312687974e-02, 3.1510486032179354e-04,
       -8.0592859213345410e-03, -1.8353906108705877e+02,
       -1.0703400411283694e+02, 2.7537531912040782e+02,
       1.1201633547023273e-02, 3.3203912985482163e-03,
       -8.0819648774128911e-03, -1.7822105058084784e+02,
       -1.0682881236469017e+02, 2.7599378553085347e+02,
       1.0936724909931117e-02, 4.9409012681164355e-03,
       -7.6498426403020132e-03, -1.7408576661179046e+02,
       -1.0699509623321801e+02, 2.7647354832523376e+02,
       1.1572385446969247e-02, 6.0532164104419185e-03,
       -7.8549629553128046e-03, -1.7133732283424504e+02,
       -1.0753960154300535e+02, 2.7651431392180291e+02,
       1.2090871001133287e-02, 7.8348055558143618e-03,
       -7.7268956558516266e-03, -1.6889405451260424e+02,
       -1.0828880283313920e+02, 2.7675988177820477e+02,
       1.3293475776960231e-02, 7.9943542353357079e-03,
       -6.7703848266436693e-03, -1.6782645027858280e+02,
       -1.0916193434649865e+02, 2.7637351319405406e+02,
       1.3404586527954161e-02, 7.4355725613245369e-03,
       -5.8295272139420222e-03, -1.6789933208583679e+02,
       -1.1027419985452632e+02, 2.7607623319907765e+02,
       1.4971166445372344e-02, 6.9051649618597673e-03,
       -5.5260487870170969e-03, -1.6831454543447572e+02,
       -1.1120736469399112e+02, 2.7547702705993578e+02,
       1.5218658266761553e-02, 6.4134093383547341e-03,
       -4.9855607526361773e-03, -1.6903391262038207e+02,
       -1.1177337529828718e+02, 2.7505220596040385e+02,
       1.5292287392424256e-02, 5.9660183325577079e-03,
       -4.6303294545419829e-03, -1.7023656321619117e+02,
       -1.1240428036232616e+02, 2.7462685678382650e+02,
       1.5668889332107888e-02, 4.8163698620345401e-03,
       -3.1026363445107777e-03, -1.7202747076657215e+02,
       -1.1319579067522101e+02, 2.7418882330293809e+02,
       1.6381474836527330e-02, 3.5301776686809967e-03,
       -2.6329879730086457e-03, -1.7412762551826282e+02,
       -1.1390637801093931e+02, 2.7359632916563385e+02 ]
