%YAML:1.0
---
calibration_time: "dom 28 oct 2018 16:14:31 CET"
nr_of_frames: 25
image_width: 640
image_height: 352
board_width: 9
board_height: 6
square_size: 50.
fix_aspect_ratio: 1.
# flags: +fix_aspectRatio +fix_principal_point +zero_tangent_dist +fix_k4 +fix_k5
flags: 6158
fisheye_model: 0
camera_matrix: !!opencv-matrix
   rows: 3
   cols: 3
   dt: d
   data: [ 1.4392979363609409e+03, 0., 320., 0., 1.4392979363609409e+03,
       176., 0., 0., 1. ]
distortion_coefficients: !!opencv-matrix
   rows: 5
   cols: 1
   dt: d
   data: [ 2.2613543217391516e-01, 1.5926461915168497e+01, 0., 0.,
       -1.7497929167502215e+02 ]
avg_reprojection_error: 7.6598633874117228e-01
per_view_reprojection_errors: !!opencv-matrix
   rows: 25
   cols: 1
   dt: f
   data: [ 7.35152662e-01, 4.09399837e-01, 1.09563267e+00,
       1.04190564e+00, 6.62184715e-01, 3.96851838e-01, 4.24937636e-01,
       4.54503417e-01, 2.80141622e-01, 5.01084089e-01, 5.77988863e-01,
       3.79290432e-01, 3.27030987e-01, 9.90646839e-01, 6.97292149e-01,
       6.37391090e-01, 8.99855375e-01, 1.10687912e+00, 1.20701253e+00,
       1.38165176e+00, 1.29104412e+00, 4.56138074e-01, 4.17976201e-01,
       1.68401763e-01, 6.51323438e-01 ]
# a set of 6-tuples (rotation vector + translation vector) for each view
extrinsic_parameters: !!opencv-matrix
   rows: 25
   cols: 6
   dt: d
   data: [ -2.0133793483435827e-01, 2.5139929983307906e-02,
       -1.4878528156998092e-02, -2.4013467579608636e+02,
       -1.2307002278568332e+02, 1.9711462176079849e+03,
       -1.9494309781997757e-01, -1.2491216340155565e-02,
       -1.6138033453958478e-02, -2.3996219687422544e+02,
       -1.2692129569913986e+02, 1.9465990526221592e+03,
       -2.3420500475401684e-01, -1.7504232447357250e-02,
       -1.8710364215009261e-02, -3.1528781238432867e+02,
       -1.2383573166866418e+02, 1.8975077400549935e+03,
       -2.3531386311520536e-01, -6.2633117606652258e-02,
       -2.1155281184432290e-02, -3.5654089612428987e+02,
       -1.2198217228067126e+02, 1.8743498326598453e+03,
       -2.1607013244610743e-01, -9.4402947045361021e-02,
       -2.2483524106836156e-02, -3.6209075090535578e+02,
       -1.1618943050862610e+02, 1.8807808864338999e+03,
       -2.1467497000154390e-01, -6.7147276293008026e-02,
       -2.1752401697960260e-02, -3.4329801284079514e+02,
       -1.1308403315789303e+02, 1.9119935740192082e+03,
       -2.1094008891965976e-01, -7.9038727434856529e-02,
       -2.2012995122660427e-02, -3.3425778102428455e+02,
       -1.1372796869337364e+02, 1.9010958749928798e+03,
       -2.1420502415681808e-01, -7.1706732408905280e-02,
       -1.9914376166030076e-02, -3.2984928758742694e+02,
       -1.1612998949531720e+02, 1.8997108932057574e+03,
       -1.8320722465580203e-01, -4.6406941495103660e-02,
       -1.6996667546924134e-02, -3.1701544040192516e+02,
       -1.1551584107080852e+02, 1.9257170213175953e+03,
       -1.9212316185630215e-01, -2.8894725598182559e-02,
       -2.4771438912868034e-02, -2.9491542396237395e+02,
       -1.2183164540613704e+02, 1.9297058535540850e+03,
       -1.8928185389614960e-01, -1.5792864019757356e-02,
       -2.1176624496606757e-02, -2.7982259837251058e+02,
       -1.2591936042626946e+02, 1.9295739741666491e+03,
       -2.1661080837104335e-01, -1.3451810982107576e-02,
       -2.2365635428477228e-02, -2.7247100439533085e+02,
       -1.3401227078100567e+02, 1.9123619419870333e+03,
       -2.1449463019898357e-01, -1.1910680625240078e-02,
       -2.0200077047726066e-02, -2.7219831804101318e+02,
       -1.3382543231885916e+02, 1.9198714632966637e+03,
       -2.1334227490957489e-01, -3.8562600596260273e-02,
       -2.5143856641370910e-02, -2.6474980039437611e+02,
       -1.3375887888153829e+02, 1.9259621085582744e+03,
       -2.1010116489525058e-01, 9.8940026622723522e-03,
       -2.4223598698795378e-02, -2.5245120568257238e+02,
       -1.3219530053259655e+02, 1.9355736879053236e+03,
       -2.0428609872275397e-01, 1.7680868735313968e-02,
       -2.6122886147018118e-02, -2.4414423210363617e+02,
       -1.2648529821650283e+02, 1.9327900581616000e+03,
       -2.0330967025483407e-01, 2.8426189730692865e-02,
       -2.7325565224516284e-02, -2.3644818390292366e+02,
       -1.2716648086580859e+02, 1.9425570224856870e+03,
       -1.9742588616183043e-01, 2.0990194833501109e-02,
       -3.1523012717871765e-02, -2.2755058970656816e+02,
       -1.2523312537576811e+02, 1.9444978776390403e+03,
       -2.0314919806122628e-01, 4.3027356967359646e-02,
       -2.8922870884213157e-02, -2.1643869655004175e+02,
       -1.2547449901427970e+02, 1.9480111986347372e+03,
       -1.9595458779634969e-01, 6.1600970323883952e-02,
       -2.7723645728743428e-02, -2.0550708158022897e+02,
       -1.2574903919391934e+02, 1.9519662110764627e+03,
       -2.0837296949433631e-01, 6.8641814388168160e-02,
       -2.6130451358020692e-02, -1.9695435228921662e+02,
       -1.2592625779756750e+02, 1.9556871283112193e+03,
       -2.0411933913665681e-01, 5.3688374024102245e-02,
       -2.5875936136228392e-02, -2.0525153551717577e+02,
       -1.2499007560207700e+02, 1.9427080076838940e+03,
       -1.9687579370716449e-01, 2.2708937616930915e-02,
       -2.9494735694294855e-02, -2.3776464207110527e+02,
       -1.1883086091344259e+02, 1.9350471990198685e+03,
       -2.0537307880915714e-01, -2.7003148910128109e-03,
       -3.0268778178982443e-02, -2.5172833172874107e+02,
       -1.1477210638823001e+02, 1.9191953860521264e+03,
       -2.2987459861737952e-01, -9.9528003144906275e-03,
       -2.8255969624270558e-02, -2.8165570482880435e+02,
       -1.1079281351218042e+02, 1.9083730051935731e+03 ]
